0.75
0.7316888689
0.7440470848
0.7357336182
0.7413385989
0.7375652963
0.7401080596
0.7383956911
0.739549374
0.7387723354
0.7392958014
0.7389432082
0.7391807282
0.7390207359
0.7391285105
0.7390559131
0.7391048159
0.7390718746
0.7390940643
0.7390791171
0.7390891857
0.7390824034
0.7390869721
0.7390838945
0.7390859676
0.7390845712
0.7390855118
0.7390848782
0.739085305
0.7390850175
0.7390852112
0.7390850807
0.7390851686
0.7390851094
0.7390851493
0.7390851224
0.7390851405
0.7390851283
0.7390851365
0.739085131
0.7390851347
0.7390851322
0.7390851339
0.7390851328
0.7390851335
0.739085133
0.7390851334
0.7390851331
0.7390851333
0.7390851332
0.7390851332

#Raiz = 0.7390851332 em 50 iterações
