1.5
0.07073720167
0.9974991672
0.5424049923
0.8564697089
0.6551088018
0.7929816458
0.7017241683
0.7637303113
0.7222610821
0.7503128857
0.731475558
0.7441895866
0.7356370983
0.7414033729
0.7375215545
0.7401374748
0.7383758542
0.7395627262
0.7387633366
0.739301861
0.7389391254
0.739183478
0.7390188834
0.7391297582
0.7390550725
0.7391053821
0.7390714932
0.7390943213
0.739078944
0.7390893023
0.7390823248
0.739087025
0.7390838589
0.7390859916
0.739084555
0.7390855227
0.7390848708
0.73908531
0.7390850142
0.7390852134
0.7390850792
0.7390851696
0.7390851087
0.7390851497
0.7390851221
0.7390851407
0.7390851282
0.7390851366
0.7390851309
0.7390851348
0.7390851322
0.7390851339
0.7390851327
0.7390851335
0.739085133
0.7390851334
0.7390851331
0.7390851333
0.7390851332
0.7390851332

#Raiz = 0.7390851332 em 60 iterações
